gen000,   0.9155,   2.9507,   9.0925,   3.1457,   7.1487,   4.8338,   4.0557,   3.8447,   0.2552,   3.4295, 
gen001,   1.7244,   4.5786,   6.5887,   2.8252,   1.4026,   4.7851,   1.4745,   7.1797,   1.8332,   3.3483, 
gen002,   1.2351,   7.8535,   7.8777,   1.1775,   6.1487,   9.9129,   2.7566,   8.9851,   3.5768,   6.5992, 
gen003,   0.8051,   9.5570,   9.8098,   7.6963,   2.8889,   7.9384,   6.5922,   7.3689,   0.5381,   1.1276, 
gen004,   4.2900,   6.0774,   0.9816,   7.9144,   9.2351,   3.0654,   1.3038,   4.6376,   6.2881,   0.4271, 
gen005,   8.1608,   4.7155,   4.9100,   3.6067,   6.6015,   1.4190,   0.6386,   2.6496,   7.8478,   2.9892, 
gen006,   5.5188,   6.6253,   7.6380,   9.1821,   2.3730,   0.0662,   8.2259,   4.2876,   1.3401,   5.7008, 
gen007,   5.4473,   3.0966,   5.8955,   9.5264,   9.0337,   8.8148,   5.8427,   5.4911,   4.0904,   6.7467, 
gen008,   4.7169,   9.3296,   7.4318,   3.9885,   0.5268,   0.6311,   1.8246,   5.6458,   9.1486,   7.5082, 
gen009,   4.5110,   3.2209,   7.8255,   8.2860,   6.0967,   9.7621,   6.0263,   7.7354,   6.0496,   9.8066, 
gen010,   4.5108,   7.4599,   2.9702,   5.8841,   9.4698,   6.5477,   3.9794,   7.6036,   9.5727,   4.2931, 
gen011,   7.6405,   0.2548,   3.2857,   0.6142,   1.8139,   1.4788,   9.8767,   4.7465,   2.7716,   9.8122, 
gen012,   5.9655,   7.7001,   1.9675,   2.6091,   3.9522,   7.8476,   5.5162,   7.4844,   3.5010,   2.7047, 
gen013,   6.4288,   4.4558,   0.3022,   4.5819,   7.0143,   9.8622,   0.7688,   1.8397,   4.0252,   1.9155, 
gen014,   0.6094,   1.2088,   7.8526,   0.5087,   4.2769,   5.3607,   6.9259,   0.2987,   4.8967,   5.1711, 
gen015,   6.0283,   6.9221,   2.6738,   9.8444,   5.3786,   6.9033,   1.4295,   5.3069,   4.1785,   4.8652, 
gen016,   8.8684,   9.4619,   3.4031,   1.3720,   7.9309,   2.0331,   7.1321,   0.1771,   5.0103,   6.8342, 
gen017,   4.3312,   3.5736,   7.2565,   1.7494,   8.8000,   2.5207,   3.2865,   5.3200,   9.0696,   1.1330, 
gen018,   5.7295,   2.4197,   3.3658,   8.1301,   3.6170,   6.4531,   0.3628,   6.6812,   8.1368,   9.5613, 
gen019,   0.3730,   5.1291,   2.3320,   4.7221,   7.6538,   9.1090,   5.9055,   4.7887,   8.2594,   1.1513, 
gen020,   1.0400,   5.9044,   4.8249,   2.3211,   3.7691,   4.8195,   1.0422,   7.5902,   8.2900,   8.7516, 
gen021,   5.4782,   2.1650,   7.4503,   4.0528,   2.9896,   1.5114,   8.6682,   1.5133,   9.0472,   8.7504, 
gen022,   4.8621,   7.3421,   6.5232,   8.2955,   3.1186,   9.8622,   9.0526,   0.9789,   4.0034,   5.3115, 
gen023,   8.7579,   7.8365,   0.1086,   8.3599,   8.0417,   4.5132,   4.9746,   5.2074,   5.4092,   4.1075, 
gen024,   6.8814,   7.4281,   8.0622,   4.0230,   0.3610,   6.8047,   3.4126,   1.0125,   4.6120,   3.7778, 
gen025,   2.6358,   8.0088,   5.1044,   1.7876,   8.8670,   1.1514,   7.9295,   1.4420,   1.4903,   2.5470, 
gen026,   2.6875,   4.1164,   0.9851,   4.4506,   6.2523,   8.5083,   3.4935,   2.7460,   5.2148,   5.0775, 
gen027,   2.8447,   6.2907,   3.1967,   7.8514,   6.2369,   1.3118,   8.8000,   6.7603,   0.6089,   0.8670, 
gen028,   1.7251,   3.1727,   0.1871,   5.1456,   5.3493,   7.6034,   3.0611,   8.3239,   9.4606,   9.8933, 
gen029,   9.2394,   0.3454,   5.8129,   8.7113,   1.2916,   1.1478,   2.9309,   5.9565,   1.8557,   1.6620, 
gen030,   1.4182,   1.5859,   2.5110,   2.6274,   3.6520,   9.7565,   1.5277,   8.3995,   5.8338,   1.0624, 
gen031,   2.5850,   1.2087,   7.8055,   3.0108,   4.4977,   7.1773,   8.9139,   0.4140,   6.5016,   0.2393, 
gen032,   5.6581,   9.7753,   2.9847,   7.6849,   6.7702,   4.4799,   2.2301,   4.6955,   9.0577,   2.1628, 
gen033,   1.4052,   8.2929,   9.8469,   8.8930,   8.6987,   8.9094,   0.5103,   8.6382,   4.8317,   9.3742, 
gen034,   7.7596,   9.8654,   0.9413,   1.6208,   6.4168,   6.0469,   6.1233,   2.5556,   1.9219,   8.2544, 
gen035,   9.6703,   8.4958,   3.7774,   1.2337,   2.8390,   4.6724,   2.5499,   1.9030,   7.6128,   8.9968, 
gen036,   9.5824,   4.7156,   9.3305,   2.1722,   7.1182,   2.4927,   2.5684,   7.0496,   9.4406,   9.8368, 
gen037,   5.0505,   4.0334,   7.4039,   5.7086,   1.5296,   9.8499,   2.3643,   1.7255,   9.1065,   7.1258, 
gen038,   0.4175,   4.0446,   0.0717,   8.1064,   6.7023,   6.6650,   1.2024,   7.6078,   6.4710,   5.5091, 
gen039,   8.1458,   3.4248,   8.0602,   6.2393,   1.2215,   7.9867,   6.9801,   6.1245,   7.1922,   1.6566, 
gen040,   5.1457,   6.1196,   1.1122,   9.5934,   0.8428,   0.5660,   4.7219,   7.7419,   5.2626,   0.3153, 
gen041,   4.2463,   7.9965,   7.2285,   0.8897,   2.8573,   0.4473,   1.4422,   3.6093,   4.4340,   2.2513, 
gen042,   1.1020,   4.1884,   5.4310,   3.1001,   3.2743,   3.9115,   3.3842,   5.8578,   0.9720,   6.9540, 
gen043,   2.5279,   4.0658,   8.2407,   6.6733,   7.7956,   8.8717,   7.2797,   0.9916,   3.6549,   6.4941, 
gen044,   1.8004,   5.9562,   9.0925,   8.8819,   7.7439,   6.3225,   2.4545,   4.5708,   8.7685,   1.5478, 
gen045,   4.9365,   0.1180,   8.1175,   0.9756,   4.0483,   9.9171,   9.9644,   5.0706,   1.5273,   6.9956, 
gen046,   8.8690,   8.9358,   3.3701,   9.9906,   7.8798,   1.0090,   0.0016,   6.3736,   0.2685,   2.1606, 
gen047,   6.4890,   3.6098,   8.0249,   0.4294,   8.5449,   8.4489,   5.2326,   6.2797,   3.9867,   8.7385, 
gen048,   0.0927,   7.1054,   7.6762,   6.1456,   8.0257,   8.2213,   9.0047,   0.0588,   3.1688,   0.6381, 
gen049,   2.2357,   9.6620,   1.7993,   3.0199,   0.6976,   1.4959,   7.8539,   2.6768,   0.8125,   5.9617, 
